202
200000
190512
158890
190769
156441
81925
146889
23466
122926
169964
87026
121608
9072
185684
26919
50245
557
31798
50773
107234
99319
167706
38004
111746
137784
49746
140429
24173
134590
150707
140920
175827
87402
108366
50634
91801
24398
30999
158485
197415
46157
21465
180646
12405
179323
188062
147571
96370
117661
179731
125502
3519
75707
116653
30657
189827
21704
8843
173948
129677
84134
155305
123826
180762
101879
95452
89996
30500
187007
52179
103710
146396
11994
68437
6161
118663
2467
101852
35645
99171
194434
42979
5057
172006
151078
64482
6901
36127
171851
152261
155920
2224
84809
33905
101426
192617
53378
108384
145251
157101
20283
36031
82758
81310
102765
111038
57351
159537
50338
58948
171638
104505
87641
152481
97651
64429
198953
23323
123576
67371
22001
123782
71663
92417
63217
55601
47510
191543
43628
8670
13227
141059
106631
87344
112828
187272
71104
177081
8602
53090
112515
99316
48073
151740
11441
96857
141271
187682
107619
178943
178260
109158
156823
86027
113018
66300
179393
28172
179738
128789
53056
183043
86745
49339
76760
78351
188640
136578
53246
178012
95232
160984
147435
122525
17070
57959
110245
84860
114393
153947
9181
51949
115913
5038
109346
15236
80446
143057
65268
109680
167017
35749
12322
152194
113456
40331
138653
145593
76316
2587
110221
200000